36 0.129395 0.129395 0.174805 0.213867
33 0.379395 0.129395 0.174805 0.213867
25 0.629395 0.129395 0.174805 0.213867
11 0.879395 0.129395 0.174805 0.213867
42 0.129395 0.379395 0.174805 0.213867
38 0.379395 0.379395 0.174805 0.213867
13 0.629395 0.379395 0.174805 0.213867
32 0.879395 0.379395 0.174805 0.213867
2 0.129395 0.629395 0.174805 0.213867
39 0.379395 0.629395 0.174805 0.213867
23 0.629395 0.629395 0.174805 0.213867
9 0.879395 0.629395 0.174805 0.213867
31 0.129395 0.879395 0.174805 0.213867
34 0.379395 0.879395 0.174805 0.213867
3 0.629395 0.879395 0.174805 0.213867
8 0.879395 0.879395 0.174805 0.213867
