33 0.129395 0.129395 0.174805 0.213867
41 0.379395 0.129395 0.174805 0.213867
30 0.629395 0.129395 0.174805 0.213867
11 0.879395 0.129395 0.174805 0.213867
42 0.129395 0.379395 0.174805 0.213867
29 0.379395 0.379395 0.174805 0.213867
19 0.629395 0.379395 0.174805 0.213867
27 0.879395 0.379395 0.174805 0.213867
17 0.129395 0.629395 0.174805 0.213867
15 0.379395 0.629395 0.174805 0.213867
13 0.629395 0.629395 0.174805 0.213867
35 0.879395 0.629395 0.174805 0.213867
23 0.129395 0.879395 0.174805 0.213867
9 0.379395 0.879395 0.174805 0.213867
28 0.629395 0.879395 0.174805 0.213867
43 0.879395 0.879395 0.174805 0.213867
