22 0.129395 0.129395 0.174805 0.213867
36 0.379395 0.129395 0.174805 0.213867
21 0.629395 0.129395 0.174805 0.213867
6 0.879395 0.129395 0.174805 0.213867
42 0.129395 0.379395 0.174805 0.213867
38 0.379395 0.379395 0.174805 0.213867
29 0.629395 0.379395 0.174805 0.213867
26 0.879395 0.379395 0.174805 0.213867
13 0.129395 0.629395 0.174805 0.213867
18 0.379395 0.629395 0.174805 0.213867
32 0.629395 0.629395 0.174805 0.213867
31 0.879395 0.629395 0.174805 0.213867
7 0.129395 0.879395 0.174805 0.213867
40 0.379395 0.879395 0.174805 0.213867
16 0.629395 0.879395 0.174805 0.213867
8 0.879395 0.879395 0.174805 0.213867
