36 0.129395 0.129395 0.174805 0.213867
30 0.379395 0.129395 0.174805 0.213867
11 0.629395 0.129395 0.174805 0.213867
6 0.879395 0.129395 0.174805 0.213867
42 0.129395 0.379395 0.174805 0.213867
21 0.379395 0.379395 0.174805 0.213867
38 0.629395 0.379395 0.174805 0.213867
24 0.879395 0.379395 0.174805 0.213867
32 0.129395 0.629395 0.174805 0.213867
39 0.379395 0.629395 0.174805 0.213867
35 0.629395 0.629395 0.174805 0.213867
28 0.879395 0.629395 0.174805 0.213867
3 0.129395 0.879395 0.174805 0.213867
4 0.379395 0.879395 0.174805 0.213867
20 0.629395 0.879395 0.174805 0.213867
44 0.879395 0.879395 0.174805 0.213867
