22 0.129395 0.129395 0.174805 0.213867
11 0.379395 0.129395 0.174805 0.213867
21 0.629395 0.129395 0.174805 0.213867
19 0.879395 0.129395 0.174805 0.213867
14 0.129395 0.379395 0.174805 0.213867
38 0.379395 0.379395 0.174805 0.213867
6 0.629395 0.379395 0.174805 0.213867
15 0.879395 0.379395 0.174805 0.213867
13 0.129395 0.629395 0.174805 0.213867
18 0.379395 0.629395 0.174805 0.213867
2 0.629395 0.629395 0.174805 0.213867
39 0.879395 0.629395 0.174805 0.213867
23 0.129395 0.879395 0.174805 0.213867
43 0.379395 0.879395 0.174805 0.213867
4 0.629395 0.879395 0.174805 0.213867
20 0.879395 0.879395 0.174805 0.213867
