41 0.129395 0.129395 0.174805 0.213867
0 0.379395 0.129395 0.174805 0.213867
19 0.629395 0.129395 0.174805 0.213867
38 0.879395 0.129395 0.174805 0.213867
26 0.129395 0.379395 0.174805 0.213867
27 0.379395 0.379395 0.174805 0.213867
2 0.629395 0.379395 0.174805 0.213867
32 0.879395 0.379395 0.174805 0.213867
39 0.129395 0.629395 0.174805 0.213867
35 0.379395 0.629395 0.174805 0.213867
31 0.629395 0.629395 0.174805 0.213867
7 0.879395 0.629395 0.174805 0.213867
40 0.129395 0.879395 0.174805 0.213867
1 0.379395 0.879395 0.174805 0.213867
8 0.629395 0.879395 0.174805 0.213867
4 0.879395 0.879395 0.174805 0.213867
