22 0.129395 0.129395 0.174805 0.213867
36 0.379395 0.129395 0.174805 0.213867
37 0.629395 0.129395 0.174805 0.213867
11 0.879395 0.129395 0.174805 0.213867
42 0.129395 0.379395 0.174805 0.213867
5 0.379395 0.379395 0.174805 0.213867
14 0.629395 0.379395 0.174805 0.213867
38 0.879395 0.379395 0.174805 0.213867
27 0.129395 0.629395 0.174805 0.213867
24 0.379395 0.629395 0.174805 0.213867
10 0.629395 0.629395 0.174805 0.213867
12 0.879395 0.629395 0.174805 0.213867
34 0.129395 0.879395 0.174805 0.213867
7 0.379395 0.879395 0.174805 0.213867
4 0.629395 0.879395 0.174805 0.213867
20 0.879395 0.879395 0.174805 0.213867
