41 0.129395 0.129395 0.174805 0.213867
30 0.379395 0.129395 0.174805 0.213867
5 0.629395 0.129395 0.174805 0.213867
17 0.879395 0.129395 0.174805 0.213867
6 0.129395 0.379395 0.174805 0.213867
14 0.379395 0.379395 0.174805 0.213867
38 0.629395 0.379395 0.174805 0.213867
26 0.879395 0.379395 0.174805 0.213867
43 0.129395 0.629395 0.174805 0.213867
39 0.379395 0.629395 0.174805 0.213867
23 0.629395 0.629395 0.174805 0.213867
9 0.879395 0.629395 0.174805 0.213867
34 0.129395 0.879395 0.174805 0.213867
7 0.379395 0.879395 0.174805 0.213867
1 0.629395 0.879395 0.174805 0.213867
20 0.879395 0.879395 0.174805 0.213867
