22 0.129395 0.129395 0.174805 0.213867
36 0.379395 0.129395 0.174805 0.213867
41 0.629395 0.129395 0.174805 0.213867
29 0.879395 0.129395 0.174805 0.213867
27 0.129395 0.379395 0.174805 0.213867
13 0.379395 0.379395 0.174805 0.213867
18 0.629395 0.379395 0.174805 0.213867
24 0.879395 0.379395 0.174805 0.213867
35 0.129395 0.629395 0.174805 0.213867
23 0.379395 0.629395 0.174805 0.213867
39 0.629395 0.629395 0.174805 0.213867
31 0.879395 0.629395 0.174805 0.213867
34 0.129395 0.879395 0.174805 0.213867
43 0.379395 0.879395 0.174805 0.213867
0 0.629395 0.879395 0.174805 0.213867
20 0.879395 0.879395 0.174805 0.213867
