36 0.129395 0.129395 0.174805 0.213867
30 0.379395 0.129395 0.174805 0.213867
21 0.629395 0.129395 0.174805 0.213867
19 0.879395 0.129395 0.174805 0.213867
42 0.129395 0.379395 0.174805 0.213867
6 0.379395 0.379395 0.174805 0.213867
27 0.629395 0.379395 0.174805 0.213867
15 0.879395 0.379395 0.174805 0.213867
18 0.129395 0.629395 0.174805 0.213867
35 0.379395 0.629395 0.174805 0.213867
9 0.629395 0.629395 0.174805 0.213867
10 0.879395 0.629395 0.174805 0.213867
28 0.129395 0.879395 0.174805 0.213867
7 0.379395 0.879395 0.174805 0.213867
5 0.629395 0.879395 0.174805 0.213867
8 0.879395 0.879395 0.174805 0.213867
